 edotq=   0.998533676804091     
 theta_photon=    3.08742972073432     
 edotq=   0.999305225156622     
 theta_photon=    3.10431141828776     
